<?xml version="1.0" encoding="utf-8"?>
<COLLADA xmlns="http://www.collada.org/2005/11/COLLADASchema" version="1.4.1">
  <asset><contributor><author>Mixamo</author><authoring_tool>COLLADA Mixamo exporter</authoring_tool><comments></comments></contributor><created>2021-08-13T23:45:05Z</created><modified>2021-08-13T23:45:05Z</modified><revision></revision><title></title><unit meter="0.010000"/><up_axis>Y_UP</up_axis></asset>
  <library_animations>
    <animation id="mixamorig_Hips-anim" name="mixamorig_Hips"><source id="mixamorig_Hips-Matrix-animation-input"><float_array id="mixamorig_Hips-Matrix-animation-input-array" count="129">

0.000000 0.033333 0.066667 0.100000 0.133333 0.166667 0.200000 0.233333 0.266667 0.300000 0.333333 0.366667 0.400000 0.433333 0.466667 0.500000
0.533333 0.566667 0.600000 0.633333 0.666667 0.700000 0.733333 0.766667 0.800000 0.833333 0.866667 0.900000 0.933333 0.966667 1.000000 1.033333
1.066667 1.100000 1.133333 1.166667 1.200000 1.233333 1.266667 1.300000 1.333333 1.366667 1.400000 1.433333 1.466667 1.500000 1.533333 1.566667
1.600000 1.633333 1.666667 1.700000 1.733333 1.766667 1.800000 1.833333 1.866667 1.900000 1.933333 1.966667 2.000000 2.033333 2.066667 2.100000
2.133333 2.166667 2.200000 2.233333 2.266667 2.300000 2.333333 2.366667 2.400000 2.433333 2.466667 2.500000 2.533333 2.566667 2.600000 2.633333
2.666667 2.700000 2.733333 2.766667 2.800000 2.833333 2.866667 2.900000 2.933333 2.966667 3.000000 3.033333 3.066667 3.100000 3.133333 3.166667
3.200000 3.233333 3.266667 3.300000 3.333333 3.366667 3.400000 3.433333 3.466667 3.500000 3.533333 3.566667 3.600000 3.633333 3.666667 3.700000
3.733333 3.766667 3.800000 3.833333 3.866667 3.900000 3.933333 3.966667 4.000000 4.033333 4.066667 4.100000 4.133333 4.166667 4.200000 4.233333
4.266667</float_array><technique_common><accessor source="#mixamorig_Hips-Matrix-animation-input-array" count="129"><param name="TIME" type="float"/></accessor></technique_common></source><source id="mixamorig_Hips-Matrix-animation-output-transform"><float_array id="mixamorig_Hips-Matrix-animation-output-transform-array" count="2064">

0.998818 -0.045530 -0.017023 0.049986 0.047716 0.985188 0.164702 56.630394 0.009272 -0.165320 0.986196 3.646597 0.000000 0.000000 0.000000 1.000000
0.998818 -0.045533 -0.017022 0.047357 0.047718 0.985200 0.164630 56.631016 0.009274 -0.165248 0.986208 3.649214 0.000000 0.000000 0.000000 1.000000
0.998817 -0.045542 -0.017020 0.044678 0.047724 0.985235 0.164424 56.631538 0.009280 -0.165042 0.986243 3.652117 0.000000 0.000000 0.000000 1.000000
0.998817 -0.045555 -0.017017 0.041986 0.047734 0.985288 0.164099 56.631954 0.009291 -0.164717 0.986297 3.655274 0.000000 0.000000 0.000000 1.000000
0.998816 -0.045572 -0.017012 0.039290 0.047746 0.985359 0.163671 56.632294 0.009304 -0.164290 0.986368 3.658653 0.000000 0.000000 0.000000 1.000000
0.998815 -0.045593 -0.017007 0.036617 0.047760 0.985444 0.163156 56.632553 0.009321 -0.163775 0.986454 3.662206 0.000000 0.000000 0.000000 1.000000
0.998814 -0.045615 -0.017002 0.033998 0.047776 0.985540 0.162569 56.632721 0.009340 -0.163188 0.986551 3.665887 0.000000 0.000000 0.000000 1.000000
0.998813 -0.045640 -0.016995 0.031456 0.047793 0.985645 0.161925 56.632851 0.009361 -0.162545 0.986657 3.669681 0.000000 0.000000 0.000000 1.000000
0.998812 -0.045665 -0.016989 0.029082 0.047811 0.985756 0.161240 56.632908 0.009384 -0.161861 0.986769 3.673470 0.000000 0.000000 0.000000 1.000000
0.998811 -0.045691 -0.016982 0.026986 0.047829 0.985871 0.160531 56.632908 0.009407 -0.161152 0.986885 3.677240 0.000000 0.000000 0.000000 1.000000
0.998810 -0.045717 -0.016975 0.025342 0.047846 0.985987 0.159811 56.632893 0.009431 -0.160433 0.987002 3.680905 0.000000 0.000000 0.000000 1.000000
0.998809 -0.045741 -0.016968 0.023835 0.047862 0.986102 0.159097 56.632835 0.009455 -0.159719 0.987117 3.684505 0.000000 0.000000 0.000000 1.000000
0.998808 -0.045763 -0.016962 0.022469 0.047876 0.986213 0.158404 56.632801 0.009479 -0.159027 0.987229 3.688030 0.000000 0.000000 0.000000 1.000000
0.998808 -0.045783 -0.016956 0.021232 0.047888 0.986318 0.157748 56.632790 0.009502 -0.158372 0.987334 3.691432 0.000000 0.000000 0.000000 1.000000
0.998807 -0.045799 -0.016950 0.020143 0.047898 0.986413 0.157145 56.632782 0.009523 -0.157769 0.987430 3.694681 0.000000 0.000000 0.000000 1.000000
0.998806 -0.045811 -0.016946 0.019197 0.047904 0.986498 0.156609 56.632828 0.009542 -0.157234 0.987515 3.697739 0.000000 0.000000 0.000000 1.000000
0.998806 -0.045811 -0.016942 0.018493 0.047898 0.986570 0.156160 56.632908 0.009561 -0.156785 0.987587 3.700546 0.000000 0.000000 0.000000 1.000000
0.998807 -0.045805 -0.016940 0.017993 0.047888 0.986640 0.155721 56.632965 0.009580 -0.156347 0.987656 3.703272 0.000000 0.000000 0.000000 1.000000
0.998807 -0.045793 -0.016936 0.017628 0.047871 0.986708 0.155295 56.632988 0.009600 -0.155920 0.987723 3.705930 0.000000 0.000000 0.000000 1.000000
0.998808 -0.045773 -0.016934 0.017657 0.047848 0.986767 0.154927 56.632881 0.009618 -0.155553 0.987781 3.708238 0.000000 0.000000 0.000000 1.000000
0.998810 -0.045744 -0.016932 0.017982 0.047816 0.986817 0.154618 56.632622 0.009636 -0.155244 0.987829 3.710206 0.000000 0.000000 0.000000 1.000000
0.998812 -0.045688 -0.016931 0.018479 0.047757 0.986866 0.154322 56.632328 0.009658 -0.154947 0.987876 3.712091 0.000000 0.000000 0.000000 1.000000
0.998816 -0.045601 -0.016929 0.019150 0.047668 0.986914 0.154039 56.632027 0.009684 -0.154663 0.987920 3.713881 0.000000 0.000000 0.000000 1.000000
0.998820 -0.045510 -0.016928 0.019941 0.047575 0.986961 0.153767 56.631687 0.009710 -0.154391 0.987962 3.715611 0.000000 0.000000 0.000000 1.000000
0.998825 -0.045412 -0.016928 0.020823 0.047477 0.987006 0.153507 56.631302 0.009737 -0.154130 0.988003 3.717262 0.000000 0.000000 0.000000 1.000000
0.998829 -0.045312 -0.016927 0.021787 0.047375 0.987050 0.153256 56.630878 0.009763 -0.153879 0.988042 3.718857 0.000000 0.000000 0.000000 1.000000
0.998834 -0.045208 -0.016926 0.022840 0.047270 0.987093 0.153016 56.630440 0.009790 -0.153637 0.988079 3.720388 0.000000 0.000000 0.000000 1.000000
0.998839 -0.045101 -0.016926 0.023960 0.047162 0.987134 0.152784 56.629959 0.009817 -0.153405 0.988115 3.721863 0.000000 0.000000 0.000000 1.000000
0.998844 -0.044992 -0.016925 0.025145 0.047051 0.987173 0.152561 56.629456 0.009844 -0.153181 0.988149 3.723287 0.000000 0.000000 0.000000 1.000000
0.998849 -0.044881 -0.016925 0.026395 0.046939 0.987212 0.152346 56.628922 0.009871 -0.152965 0.988182 3.724661 0.000000 0.000000 0.000000 1.000000
0.998854 -0.044768 -0.016925 0.027696 0.046826 0.987250 0.152137 56.628361 0.009898 -0.152755 0.988214 3.726023 0.000000 0.000000 0.000000 1.000000
0.998859 -0.044656 -0.016925 0.029085 0.046713 0.987286 0.151935 56.627792 0.009925 -0.152553 0.988246 3.727324 0.000000 0.000000 0.000000 1.000000
0.998864 -0.044543 -0.016925 0.030351 0.046600 0.987321 0.151739 56.627174 0.009952 -0.152355 0.988276 3.728608 0.000000 0.000000 0.000000 1.000000
0.998869 -0.044432 -0.016925 0.031638 0.046488 0.987356 0.151548 56.626526 0.009978 -0.152163 0.988305 3.729846 0.000000 0.000000 0.000000 1.000000
0.998874 -0.044322 -0.016925 0.032944 0.046377 0.987390 0.151362 56.625877 0.010003 -0.151976 0.988334 3.731064 0.000000 0.000000 0.000000 1.000000
0.998879 -0.044214 -0.016925 0.034234 0.046269 0.987423 0.151179 56.625183 0.010028 -0.151792 0.988362 3.732275 0.000000 0.000000 0.000000 1.000000
0.998883 -0.044109 -0.016925 0.035491 0.046163 0.987455 0.150999 56.624470 0.010053 -0.151612 0.988389 3.733469 0.000000 0.000000 0.000000 1.000000
0.998888 -0.044007 -0.016926 0.036710 0.046060 0.987487 0.150822 56.623749 0.010077 -0.151434 0.988416 3.734654 0.000000 0.000000 0.000000 1.000000
0.998892 -0.043908 -0.016925 0.037819 0.045961 0.987519 0.150647 56.623032 0.010099 -0.151258 0.988443 3.735827 0.000000 0.000000 0.000000 1.000000
0.998897 -0.043807 -0.016925 0.038846 0.045859 0.987546 0.150499 56.622192 0.010122 -0.151109 0.988465 3.736861 0.000000 0.000000 0.000000 1.000000
0.998899 -0.043746 -0.016925 0.039802 0.045798 0.987567 0.150379 56.621208 0.010136 -0.150989 0.988484 3.737778 0.000000 0.000000 0.000000 1.000000
0.998901 -0.043699 -0.016925 0.040625 0.045750 0.987587 0.150260 56.620197 0.010148 -0.150869 0.988502 3.738698 0.000000 0.000000 0.000000 1.000000
0.998903 -0.043660 -0.016924 0.041296 0.045710 0.987607 0.150142 56.619171 0.010159 -0.150751 0.988520 3.739656 0.000000 0.000000 0.000000 1.000000
0.998904 -0.043635 -0.016924 0.041815 0.045684 0.987628 0.150010 56.617996 0.010169 -0.150619 0.988540 3.740621 0.000000 0.000000 0.000000 1.000000
0.998905 -0.043627 -0.016924 0.042114 0.045675 0.987642 0.149924 56.616856 0.010174 -0.150533 0.988553 3.741429 0.000000 0.000000 0.000000 1.000000
0.998904 -0.043641 -0.016923 0.041802 0.045689 0.987645 0.149897 56.615742 0.010172 -0.150506 0.988557 3.741724 0.000000 0.000000 0.000000 1.000000
0.998902 -0.043683 -0.016923 0.040999 0.045731 0.987640 0.149921 56.614639 0.010164 -0.150530 0.988553 3.741456 0.000000 0.000000 0.000000 1.000000
0.998897 -0.043795 -0.016922 0.039426 0.045842 0.987616 0.150043 56.613556 0.010141 -0.150653 0.988535 3.740148 0.000000 0.000000 0.000000 1.000000
0.998890 -0.043967 -0.016920 0.037484 0.046014 0.987579 0.150238 56.612434 0.010105 -0.150849 0.988505 3.738340 0.000000 0.000000 0.000000 1.000000
0.998881 -0.044162 -0.016920 0.035199 0.046209 0.987533 0.150478 56.611275 0.010063 -0.151092 0.988469 3.736084 0.000000 0.000000 0.000000 1.000000
0.998872 -0.044376 -0.016919 0.032529 0.046424 0.987479 0.150766 56.610172 0.010017 -0.151381 0.988425 3.733468 0.000000 0.000000 0.000000 1.000000
0.998861 -0.044606 -0.016919 0.029692 0.046654 0.987417 0.151102 56.609123 0.009966 -0.151719 0.988373 3.730522 0.000000 0.000000 0.000000 1.000000
0.998851 -0.044847 -0.016918 0.026691 0.046897 0.987346 0.151487 56.608227 0.009911 -0.152106 0.988315 3.727296 0.000000 0.000000 0.000000 1.000000
0.998839 -0.045097 -0.016917 0.023553 0.047147 0.987267 0.151922 56.607498 0.009851 -0.152544 0.988248 3.723801 0.000000 0.000000 0.000000 1.000000
0.998827 -0.045361 -0.016917 0.020293 0.047414 0.987171 0.152464 56.607040 0.009784 -0.153087 0.988164 3.719805 0.000000 0.000000 0.000000 1.000000
0.998814 -0.045651 -0.016918 0.016659 0.047708 0.987051 0.153151 56.606991 0.009708 -0.153777 0.988058 3.715162 0.000000 0.000000 0.000000 1.000000
0.998803 -0.045905 -0.016921 0.013381 0.047966 0.986917 0.153927 56.608109 0.009633 -0.154554 0.987937 3.710808 0.000000 0.000000 0.000000 1.000000
0.998792 -0.046137 -0.016924 0.010336 0.048204 0.986780 0.154734 56.609802 0.009561 -0.155363 0.987811 3.706618 0.000000 0.000000 0.000000 1.000000
0.998783 -0.046335 -0.016926 0.007636 0.048408 0.986642 0.155548 56.612221 0.009492 -0.156178 0.987683 3.702681 0.000000 0.000000 0.000000 1.000000
0.998779 -0.046422 -0.016882 0.006277 0.048495 0.986493 0.156460 56.615021 0.009391 -0.157087 0.987540 3.698829 0.000000 0.000000 0.000000 1.000000
0.998777 -0.046503 -0.016815 0.006370 0.048575 0.986327 0.157480 56.617615 0.009262 -0.158105 0.987379 3.694654 0.000000 0.000000 0.000000 1.000000
0.998774 -0.046583 -0.016722 0.007021 0.048648 0.986155 0.158532 56.620235 0.009106 -0.159151 0.987212 3.690230 0.000000 0.000000 0.000000 1.000000
0.998773 -0.046664 -0.016571 0.008246 0.048715 0.985977 0.159611 56.622837 0.008890 -0.160223 0.987041 3.685672 0.000000 0.000000 0.000000 1.000000
0.998772 -0.046734 -0.016450 0.009910 0.048773 0.985794 0.160724 56.625031 0.008705 -0.161329 0.986862 3.680595 0.000000 0.000000 0.000000 1.000000
0.998771 -0.046786 -0.016380 0.011741 0.048824 0.985606 0.161854 56.626808 0.008572 -0.162455 0.986679 3.675003 0.000000 0.000000 0.000000 1.000000
0.998769 -0.046828 -0.016342 0.013427 0.048869 0.985417 0.162990 56.628487 0.008471 -0.163588 0.986492 3.669295 0.000000 0.000000 0.000000 1.000000
0.998768 -0.046859 -0.016320 0.015063 0.048906 0.985225 0.164132 56.630085 0.008388 -0.164728 0.986303 3.663476 0.000000 0.000000 0.000000 1.000000
0.998767 -0.046884 -0.016305 0.016632 0.048937 0.985032 0.165278 56.631569 0.008312 -0.165872 0.986112 3.657567 0.000000 0.000000 0.000000 1.000000
0.998767 -0.046901 -0.016296 0.018180 0.048962 0.984837 0.166427 56.632988 0.008243 -0.167020 0.985919 3.651556 0.000000 0.000000 0.000000 1.000000
0.998766 -0.046912 -0.016293 0.019716 0.048982 0.984641 0.167580 56.634361 0.008182 -0.168171 0.985724 3.645458 0.000000 0.000000 0.000000 1.000000
0.998766 -0.046917 -0.016295 0.021312 0.048997 0.984443 0.168734 56.635605 0.008125 -0.169324 0.985527 3.639268 0.000000 0.000000 0.000000 1.000000
0.998766 -0.046916 -0.016302 0.022953 0.049007 0.984244 0.169889 56.636780 0.008075 -0.170478 0.985328 3.633014 0.000000 0.000000 0.000000 1.000000
0.998766 -0.046909 -0.016313 0.024725 0.049011 0.984043 0.171045 56.637859 0.008029 -0.171633 0.985128 3.626682 0.000000 0.000000 0.000000 1.000000
0.998766 -0.046897 -0.016326 0.026560 0.049011 0.983842 0.172200 56.638863 0.007987 -0.172788 0.984927 3.620312 0.000000 0.000000 0.000000 1.000000
0.998767 -0.046879 -0.016343 0.028539 0.049006 0.983640 0.173354 56.639759 0.007949 -0.173941 0.984724 3.613877 0.000000 0.000000 0.000000 1.000000
0.998768 -0.046858 -0.016361 0.030554 0.048997 0.983436 0.174506 56.640549 0.007913 -0.175092 0.984520 3.607382 0.000000 0.000000 0.000000 1.000000
0.998768 -0.046829 -0.016398 0.032502 0.048985 0.983232 0.175655 56.641220 0.007898 -0.176242 0.984315 3.600837 0.000000 0.000000 0.000000 1.000000
0.998769 -0.046797 -0.016434 0.034538 0.048969 0.983028 0.176800 56.641758 0.007881 -0.177387 0.984110 3.594256 0.000000 0.000000 0.000000 1.000000
0.998770 -0.046762 -0.016471 0.036658 0.048950 0.982823 0.177941 56.642189 0.007867 -0.178529 0.983903 3.587671 0.000000 0.000000 0.000000 1.000000
0.998771 -0.046722 -0.016514 0.038800 0.048927 0.982618 0.179077 56.642437 0.007860 -0.179665 0.983696 3.581053 0.000000 0.000000 0.000000 1.000000
0.998773 -0.046677 -0.016569 0.040953 0.048902 0.982412 0.180207 56.642574 0.007866 -0.180796 0.983489 3.574444 0.000000 0.000000 0.000000 1.000000
0.998774 -0.046626 -0.016648 0.043849 0.048875 0.982215 0.181285 56.641582 0.007900 -0.181876 0.983290 3.567459 0.000000 0.000000 0.000000 1.000000
0.998775 -0.046573 -0.016723 0.047142 0.048845 0.982023 0.182332 56.640266 0.007931 -0.182925 0.983095 3.560470 0.000000 0.000000 0.000000 1.000000
0.998776 -0.046518 -0.016797 0.050566 0.048813 0.981832 0.183365 56.638832 0.007962 -0.183961 0.982901 3.553491 0.000000 0.000000 0.000000 1.000000
0.998778 -0.046468 -0.016838 0.054121 0.048779 0.981646 0.184368 56.637398 0.007962 -0.184964 0.982713 3.546578 0.000000 0.000000 0.000000 1.000000
0.998780 -0.046418 -0.016871 0.057671 0.048744 0.981468 0.185323 56.636143 0.007956 -0.185919 0.982533 3.539736 0.000000 0.000000 0.000000 1.000000
0.998781 -0.046369 -0.016898 0.060970 0.048708 0.981301 0.186212 56.635132 0.007947 -0.186808 0.982364 3.533044 0.000000 0.000000 0.000000 1.000000
0.998783 -0.046324 -0.016918 0.063886 0.048673 0.981164 0.186945 56.634510 0.007939 -0.187541 0.982225 3.526722 0.000000 0.000000 0.000000 1.000000
0.998785 -0.046279 -0.016932 0.066565 0.048637 0.981051 0.187546 56.634136 0.007932 -0.188142 0.982110 3.520677 0.000000 0.000000 0.000000 1.000000
0.998787 -0.046235 -0.016943 0.069249 0.048601 0.980941 0.188130 56.633942 0.007922 -0.188725 0.981998 3.514684 0.000000 0.000000 0.000000 1.000000
0.998789 -0.046193 -0.016950 0.071390 0.048564 0.980855 0.188587 56.633881 0.007914 -0.189181 0.981910 3.509846 0.000000 0.000000 0.000000 1.000000
0.998790 -0.046157 -0.016952 0.072358 0.048530 0.980818 0.188789 56.633968 0.007913 -0.189383 0.981871 3.507469 0.000000 0.000000 0.000000 1.000000
0.998792 -0.046121 -0.016953 0.073083 0.048497 0.980791 0.188935 56.634102 0.007913 -0.189529 0.981843 3.505633 0.000000 0.000000 0.000000 1.000000
0.998794 -0.046087 -0.016953 0.073773 0.048464 0.980766 0.189074 56.634270 0.007913 -0.189668 0.981816 3.503867 0.000000 0.000000 0.000000 1.000000
0.998795 -0.046053 -0.016953 0.074427 0.048432 0.980743 0.189204 56.634525 0.007913 -0.189797 0.981792 3.502188 0.000000 0.000000 0.000000 1.000000
0.998797 -0.046019 -0.016954 0.075058 0.048400 0.980720 0.189327 56.634800 0.007915 -0.189920 0.981768 3.500574 0.000000 0.000000 0.000000 1.000000
0.998798 -0.045986 -0.016958 0.075670 0.048370 0.980698 0.189449 56.635098 0.007919 -0.190042 0.981744 3.498961 0.000000 0.000000 0.000000 1.000000
0.998799 -0.045954 -0.016965 0.076275 0.048340 0.980677 0.189570 56.635384 0.007925 -0.190162 0.981721 3.497374 0.000000 0.000000 0.000000 1.000000
0.998801 -0.045924 -0.016974 0.076847 0.048313 0.980669 0.189617 56.635559 0.007938 -0.190209 0.981711 3.495950 0.000000 0.000000 0.000000 1.000000
0.998802 -0.045895 -0.016990 0.077081 0.048287 0.980667 0.189632 56.635742 0.007958 -0.190225 0.981708 3.495390 0.000000 0.000000 0.000000 1.000000
0.998803 -0.045867 -0.017013 0.077189 0.048264 0.980669 0.189629 56.635880 0.007987 -0.190223 0.981708 3.495083 0.000000 0.000000 0.000000 1.000000
0.998803 -0.045840 -0.017038 0.077226 0.048243 0.980673 0.189612 56.636101 0.008017 -0.190207 0.981711 3.494999 0.000000 0.000000 0.000000 1.000000
0.998804 -0.045818 -0.017064 0.077219 0.048225 0.980691 0.189527 56.636230 0.008051 -0.190123 0.981727 3.495181 0.000000 0.000000 0.000000 1.000000
0.998805 -0.045797 -0.017091 0.077146 0.048209 0.980713 0.189413 56.636463 0.008087 -0.190010 0.981749 3.495662 0.000000 0.000000 0.000000 1.000000
0.998805 -0.045780 -0.017121 0.076997 0.048197 0.980744 0.189258 56.636715 0.008127 -0.189857 0.981778 3.496375 0.000000 0.000000 0.000000 1.000000
0.998805 -0.045767 -0.017154 0.076786 0.048188 0.980782 0.189061 56.637005 0.008172 -0.189662 0.981815 3.497352 0.000000 0.000000 0.000000 1.000000
0.998805 -0.045756 -0.017198 0.076345 0.048183 0.980842 0.188753 56.637386 0.008232 -0.189356 0.981874 3.499124 0.000000 0.000000 0.000000 1.000000
0.998804 -0.045750 -0.017246 0.075725 0.048183 0.980924 0.188323 56.637882 0.008301 -0.188929 0.981956 3.501601 0.000000 0.000000 0.000000 1.000000
0.998803 -0.045752 -0.017296 0.074852 0.048188 0.981049 0.187672 56.638615 0.008382 -0.188281 0.982079 3.505191 0.000000 0.000000 0.000000 1.000000
0.998802 -0.045760 -0.017352 0.073584 0.048200 0.981218 0.186781 56.639671 0.008479 -0.187394 0.982248 3.509992 0.000000 0.000000 0.000000 1.000000
0.998800 -0.045772 -0.017421 0.072248 0.048216 0.981390 0.185872 56.640743 0.008589 -0.186489 0.982420 3.514853 0.000000 0.000000 0.000000 1.000000
0.998798 -0.045796 -0.017474 0.070979 0.048241 0.981562 0.184957 56.641834 0.008682 -0.185577 0.982591 3.519753 0.000000 0.000000 0.000000 1.000000
0.998796 -0.045830 -0.017502 0.069798 0.048272 0.981733 0.184039 56.642902 0.008748 -0.184662 0.982763 3.524699 0.000000 0.000000 0.000000 1.000000
0.998794 -0.045867 -0.017525 0.068648 0.048305 0.981903 0.183119 56.643997 0.008808 -0.183745 0.982935 3.529651 0.000000 0.000000 0.000000 1.000000
0.998792 -0.045904 -0.017541 0.067590 0.048335 0.982075 0.182186 56.644978 0.008864 -0.182814 0.983108 3.534706 0.000000 0.000000 0.000000 1.000000
0.998790 -0.045935 -0.017552 0.066518 0.048359 0.982252 0.181224 56.645908 0.008916 -0.181854 0.983285 3.540014 0.000000 0.000000 0.000000 1.000000
0.998789 -0.045960 -0.017556 0.065286 0.048374 0.982456 0.180111 56.645714 0.008970 -0.180743 0.983490 3.546808 0.000000 0.000000 0.000000 1.000000
0.998789 -0.045962 -0.017554 0.064010 0.048366 0.982666 0.178965 56.645245 0.009025 -0.179597 0.983699 3.553945 0.000000 0.000000 0.000000 1.000000
0.998790 -0.045943 -0.017548 0.062706 0.048334 0.982881 0.177789 56.644527 0.009079 -0.178422 0.983912 3.561373 0.000000 0.000000 0.000000 1.000000
0.998791 -0.045920 -0.017537 0.061378 0.048299 0.983099 0.176587 56.643597 0.009131 -0.177221 0.984129 3.569063 0.000000 0.000000 0.000000 1.000000
0.998793 -0.045896 -0.017520 0.060040 0.048261 0.983320 0.175364 56.642502 0.009180 -0.175998 0.984348 3.576958 0.000000 0.000000 0.000000 1.000000
0.998794 -0.045868 -0.017499 0.058694 0.048219 0.983542 0.174124 56.641273 0.009225 -0.174758 0.984568 3.585004 0.000000 0.000000 0.000000 1.000000
0.998796 -0.045837 -0.017474 0.057335 0.048171 0.983766 0.172871 56.639938 0.009266 -0.173505 0.984789 3.593183 0.000000 0.000000 0.000000 1.000000
0.998798 -0.045809 -0.017417 0.056081 0.048122 0.983989 0.171610 56.638535 0.009277 -0.172242 0.985011 3.601439 0.000000 0.000000 0.000000 1.000000
0.998802 -0.045759 -0.017339 0.054981 0.048046 0.984244 0.170165 56.636860 0.009279 -0.170794 0.985263 3.610106 0.000000 0.000000 0.000000 1.000000
0.998807 -0.045694 -0.017246 0.053984 0.047951 0.984532 0.168515 56.634995 0.009279 -0.169140 0.985548 3.619186 0.000000 0.000000 0.000000 1.000000
0.998811 -0.045627 -0.017153 0.053006 0.047854 0.984811 0.166906 56.633156 0.009277 -0.167529 0.985824 3.628171 0.000000 0.000000 0.000000 1.000000
0.998815 -0.045570 -0.017075 0.051939 0.047772 0.985037 0.165589 56.631599 0.009274 -0.166209 0.986047 3.636499 0.000000 0.000000 0.000000 1.000000
0.998818 -0.045535 -0.017029 0.050699 0.047723 0.985170 0.164811 56.630600 0.009272 -0.165429 0.986178 3.643636 0.000000 0.000000 0.000000 1.000000</float_array><technique_common><accessor source="#mixamorig_Hips-Matrix-animation-output-transform-array" count="129" stride="16"><param type="float4x4"/></accessor></technique_common></source><source id="mixamorig_Hips-Interpolations"><Name_array id="mixamorig_Hips-Interpolations-array" count="129">
 LINEAR LINEAR LINEAR LINEAR LINEAR LINEAR LINEAR LINEAR LINEAR LINEAR LINEAR
LINEAR LINEAR LINEAR LINEAR LINEAR LINEAR LINEAR LINEAR LINEAR LINEAR LINEAR LINEAR
LINEAR LINEAR LINEAR LINEAR LINEAR LINEAR LINEAR LINEAR LINEAR LINEAR LINEAR LINEAR
LINEAR LINEAR LINEAR LINEAR LINEAR LINEAR LINEAR LINEAR LINEAR LINEAR LINEAR LINEAR
LINEAR LINEAR LINEAR LINEAR LINEAR LINEAR LINEAR LINEAR LINEAR LINEAR LINEAR LINEAR
LINEAR LINEAR LINEAR LINEAR LINEAR LINEAR LINEAR LINEAR LINEAR LINEAR LINEAR LINEAR
LINEAR LINEAR LINEAR LINEAR LINEAR LINEAR LINEAR LINEAR LINEAR LINEAR LINEAR LINEAR
LINEAR LINEAR LINEAR LINEAR LINEAR LINEAR LINEAR LINEAR LINEAR LINEAR LINEAR LINEAR
LINEAR LINEAR LINEAR LINEAR LINEAR LINEAR LINEAR LINEAR LINEAR LINEAR LINEAR LINEAR
LINEAR LINEAR LINEAR LINEAR LINEAR LINEAR LINEAR LINEAR LINEAR LINEAR LINEAR LINEAR
LINEAR LINEAR LINEAR LINEAR LINEAR LINEAR LINEAR LINEAR LINEAR LINEAR</Name_array><technique_common><accessor source="#mixamorig_Hips-Interpolations-array" count="129"><param type="name"/></accessor></technique_common></source><sampler id="mixamorig_Hips-Matrix-animation-transform"><input semantic="INPUT" source="#mixamorig_Hips-Matrix-animation-input"/><input semantic="OUTPUT" source="#mixamorig_Hips-Matrix-animation-output-transform"/><input semantic="INTERPOLATION" source="#mixamorig_Hips-Interpolations"/></sampler><channel source="#mixamorig_Hips-Matrix-animation-transform" target="mixamorig_Hips/matrix"/></animation>
    <animation id="mixamorig_Spine-anim" name="mixamorig_Spine"><source id="mixamorig_Spine-Matrix-animation-input"><float_array id="mixamorig_Spine-Matrix-animation-input-array" count="129">

0.000000 0.033333 0.066667 0.100000 0.133333 0.166667 0.200000 0.233333 0.266667 0.300000 0.333333 0.366667 0.400000 0.433333 0.466667 0.500000
0.533333 0.566667 0.600000 0.633333 0.666667 0.700000 0.733333 0.766667 0.800000 0.833333 0.866667 0.900000 0.933333 0.966667 1.000000 1.033333
1.066667 1.100000 1.133333 1.166667 1.200000 1.233333 1.266667 1.300000 1.333333 1.366667 1.400000 1.433333 1.466667 1.500000 1.533333 1.566667
1.600000 1.633333 1.666667 1.700000 1.733333 1.766667 1.800000 1.833333 1.866667 1.900000 1.933333 1.966667 2.000000 2.033333 2.066667 2.100000
2.133333 2.166667 2.200000 2.233333 2.266667 2.300000 2.333333 2.366667 2.400000 2.433333 2.466667 2.500000 2.533333 2.566667 2.600000 2.633333
2.666667 2.700000 2.733333 2.766667 2.800000 2.833333 2.866667 2.900000 2.933333 2.966667 3.000000 3.033333 3.066667 3.100000 3.133333 3.166667
3.200000 3.233333 3.266667 3.300000 3.333333 3.366667 3.400000 3.433333 3.466667 3.500000 3.533333 3.566667 3.600000 3.633333 3.666667 3.700000
3.733333 3.766667 3.800000 3.833333 3.866667 3.900000 3.933333 3.966667 4.000000 4.033333 4.066667 4.100000 4.133333 4.166667 4.200000 4.233333
4.266667</float_array><technique_common><accessor source="#mixamorig_Spine-Matrix-animation-input-array" count="129"><param name="TIME" type="float"/></accessor></technique_common></source><source id="mixamorig_Spine-Matrix-animation-output-transform"><float_array id="mixamorig_Spine-Matrix-animation-output-transform-array" count="2064">

0.996914 0.071017 -0.033441 -0.038100 -0.078202 0.935401 -0.344833 9.490500 0.006792 0.346384 0.938068 -1.392100 0.000000 0.000000 0.000000 1.000000
0.996914 0.071019 -0.033443 -0.038100 -0.078204 0.935443 -0.344719 9.490500 0.006802 0.346271 0.938110 -1.392100 0.000000 0.000000 0.000000 1.000000
0.996914 0.071025 -0.033446 -0.038100 -0.078208 0.935561 -0.344395 9.490500 0.006830 0.345948 0.938229 -1.392100 0.000000 0.000000 0.000000 1.000000
0.996913 0.071035 -0.033451 -0.038100 -0.078215 0.935748 -0.343886 9.490500 0.006874 0.345440 0.938416 -1.392100 0.000000 0.000000 0.000000 1.000000
0.996912 0.071047 -0.033458 -0.038100 -0.078225 0.935994 -0.343215 9.490500 0.006932 0.344772 0.938661 -1.392100 0.000000 0.000000 0.000000 1.000000
0.996910 0.071063 -0.033466 -0.038100 -0.078236 0.936288 -0.342408 9.490500 0.007001 0.343968 0.938955 -1.392100 0.000000 0.000000 0.000000 1.000000
0.996909 0.071080 -0.033475 -0.038100 -0.078249 0.936623 -0.341490 9.490500 0.007080 0.343054 0.939289 -1.392100 0.000000 0.000000 0.000000 1.000000
0.996907 0.071100 -0.033485 -0.038100 -0.078263 0.936987 -0.340485 9.490500 0.007166 0.342052 0.939654 -1.392100 0.000000 0.000000 0.000000 1.000000
0.996905 0.071121 -0.033495 -0.038100 -0.078278 0.937373 -0.339418 9.490500 0.007258 0.340990 0.940039 -1.392100 0.000000 0.000000 0.000000 1.000000
0.996903 0.071143 -0.033507 -0.038100 -0.078294 0.937770 -0.338315 9.490500 0.007353 0.339891 0.940436 -1.392100 0.000000 0.000000 0.000000 1.000000
0.996901 0.071166 -0.033518 -0.038100 -0.078311 0.938170 -0.337199 9.490500 0.007449 0.338779 0.940836 -1.392100 0.000000 0.000000 0.000000 1.000000
0.996899 0.071190 -0.033530 -0.038100 -0.078328 0.938565 -0.336097 9.490500 0.007543 0.337681 0.941230 -1.392100 0.000000 0.000000 0.000000 1.000000
0.996897 0.071213 -0.033541 -0.038100 -0.078345 0.938944 -0.335033 9.490500 0.007634 0.336621 0.941609 -1.392100 0.000000 0.000000 0.000000 1.000000
0.996895 0.071236 -0.033551 -0.038100 -0.078362 0.939299 -0.334031 9.490500 0.007720 0.335623 0.941965 -1.392100 0.000000 0.000000 0.000000 1.000000
0.996893 0.071258 -0.033561 -0.038100 -0.078379 0.939622 -0.333118 9.490500 0.007798 0.334713 0.942288 -1.392100 0.000000 0.000000 0.000000 1.000000
0.996891 0.071279 -0.033570 -0.038100 -0.078395 0.939904 -0.332318 9.490500 0.007866 0.333916 0.942570 -1.392100 0.000000 0.000000 0.000000 1.000000
0.996889 0.071302 -0.033579 -0.038100 -0.078414 0.940126 -0.331683 9.490500 0.007918 0.333284 0.942793 -1.392100 0.000000 0.000000 0.000000 1.000000
0.996887 0.071326 -0.033585 -0.038100 -0.078433 0.940349 -0.331046 9.490500 0.007970 0.332650 0.943017 -1.392100 0.000000 0.000000 0.000000 1.000000
0.996886 0.071350 -0.033590 -0.038100 -0.078453 0.940572 -0.330407 9.490500 0.008020 0.332013 0.943241 -1.392100 0.000000 0.000000 0.000000 1.000000
0.996884 0.071375 -0.033593 -0.038100 -0.078471 0.940798 -0.329760 9.490500 0.008068 0.331368 0.943467 -1.392100 0.000000 0.000000 0.000000 1.000000
0.996882 0.071400 -0.033593 -0.038100 -0.078489 0.941026 -0.329103 9.490500 0.008114 0.330713 0.943696 -1.392100 0.000000 0.000000 0.000000 1.000000
0.996880 0.071425 -0.033590 -0.038100 -0.078507 0.941256 -0.328442 9.490500 0.008158 0.330054 0.943927 -1.392100 0.000000 0.000000 0.000000 1.000000
0.996879 0.071450 -0.033584 -0.038100 -0.078522 0.941488 -0.327772 9.490500 0.008200 0.329386 0.944160 -1.392100 0.000000 0.000000 0.000000 1.000000
0.996877 0.071474 -0.033576 -0.038100 -0.078537 0.941721 -0.327099 9.490500 0.008240 0.328714 0.944393 -1.392100 0.000000 0.000000 0.000000 1.000000
0.996876 0.071498 -0.033564 -0.038100 -0.078550 0.941954 -0.326423 9.490500 0.008277 0.328039 0.944628 -1.392100 0.000000 0.000000 0.000000 1.000000
0.996875 0.071521 -0.033549 -0.038100 -0.078561 0.942188 -0.325745 9.490500 0.008312 0.327362 0.944862 -1.392100 0.000000 0.000000 0.000000 1.000000
0.996874 0.071544 -0.033530 -0.038100 -0.078570 0.942422 -0.325065 9.490500 0.008343 0.326683 0.945097 -1.392100 0.000000 0.000000 0.000000 1.000000
0.996873 0.071565 -0.033508 -0.038100 -0.078577 0.942656 -0.324384 9.490500 0.008372 0.326002 0.945332 -1.392100 0.000000 0.000000 0.000000 1.000000
0.996872 0.071586 -0.033482 -0.038100 -0.078581 0.942890 -0.323702 9.490500 0.008397 0.325321 0.945566 -1.392100 0.000000 0.000000 0.000000 1.000000
0.996872 0.071605 -0.033451 -0.038100 -0.078583 0.943123 -0.323023 9.490500 0.008419 0.324642 0.945800 -1.392100 0.000000 0.000000 0.000000 1.000000
0.996872 0.071622 -0.033416 -0.038100 -0.078582 0.943354 -0.322348 9.490500 0.008436 0.323965 0.946031 -1.392100 0.000000 0.000000 0.000000 1.000000
0.996872 0.071638 -0.033376 -0.038100 -0.078578 0.943585 -0.321673 9.490500 0.008450 0.323289 0.946262 -1.392100 0.000000 0.000000 0.000000 1.000000
0.996874 0.071652 -0.033298 -0.038100 -0.078560 0.943815 -0.321000 9.490500 0.008427 0.322613 0.946494 -1.392100 0.000000 0.000000 0.000000 1.000000
0.996875 0.071664 -0.033220 -0.038100 -0.078541 0.944044 -0.320330 9.490500 0.008405 0.321938 0.946723 -1.392100 0.000000 0.000000 0.000000 1.000000
0.996877 0.071674 -0.033144 -0.038100 -0.078520 0.944272 -0.319663 9.490500 0.008386 0.321267 0.946952 -1.392100 0.000000 0.000000 0.000000 1.000000
0.996879 0.071683 -0.033070 -0.038100 -0.078498 0.944499 -0.318999 9.490500 0.008368 0.320600 0.947178 -1.392100 0.000000 0.000000 0.000000 1.000000
0.996881 0.071688 -0.032996 -0.038100 -0.078474 0.944723 -0.318339 9.490500 0.008350 0.319936 0.947402 -1.392100 0.000000 0.000000 0.000000 1.000000
0.996883 0.071691 -0.032922 -0.038100 -0.078448 0.944946 -0.317685 9.490500 0.008335 0.319277 0.947625 -1.392100 0.000000 0.000000 0.000000 1.000000
0.996886 0.071692 -0.032850 -0.038100 -0.078420 0.945166 -0.317035 9.490500 0.008320 0.318624 0.947845 -1.392100 0.000000 0.000000 0.000000 1.000000
0.996888 0.071690 -0.032781 -0.038100 -0.078391 0.945381 -0.316402 9.490500 0.008307 0.317987 0.948059 -1.392100 0.000000 0.000000 0.000000 1.000000
0.996891 0.071686 -0.032715 -0.038100 -0.078360 0.945587 -0.315793 9.490500 0.008297 0.317375 0.948264 -1.392100 0.000000 0.000000 0.000000 1.000000
0.996893 0.071678 -0.032655 -0.038100 -0.078329 0.945787 -0.315200 9.490500 0.008292 0.316779 0.948463 -1.392100 0.000000 0.000000 0.000000 1.000000
0.996896 0.071667 -0.032600 -0.038100 -0.078296 0.945982 -0.314623 9.490500 0.008290 0.316199 0.948657 -1.392100 0.000000 0.000000 0.000000 1.000000
0.996898 0.071654 -0.032546 -0.038100 -0.078261 0.946174 -0.314054 9.490500 0.008291 0.315627 0.948847 -1.392100 0.000000 0.000000 0.000000 1.000000
0.996901 0.071636 -0.032497 -0.038100 -0.078224 0.946353 -0.313524 9.490500 0.008294 0.315094 0.949024 -1.392100 0.000000 0.000000 0.000000 1.000000
0.996904 0.071614 -0.032451 -0.038100 -0.078185 0.946484 -0.313138 9.490500 0.008289 0.314706 0.949153 -1.392100 0.000000 0.000000 0.000000 1.000000
0.996908 0.071587 -0.032410 -0.038100 -0.078144 0.946572 -0.312883 9.490500 0.008280 0.314448 0.949239 -1.392100 0.000000 0.000000 0.000000 1.000000
0.996911 0.071554 -0.032379 -0.038100 -0.078103 0.946588 -0.312844 9.490500 0.008264 0.314407 0.949252 -1.392100 0.000000 0.000000 0.000000 1.000000
0.996915 0.071517 -0.032348 -0.038100 -0.078059 0.946576 -0.312890 9.490500 0.008243 0.314449 0.949238 -1.392100 0.000000 0.000000 0.000000 1.000000
0.996919 0.071477 -0.032311 -0.038100 -0.078009 0.946546 -0.312995 9.490500 0.008212 0.314551 0.949205 -1.392100 0.000000 0.000000 0.000000 1.000000
0.996923 0.071432 -0.032272 -0.038100 -0.077956 0.946485 -0.313191 9.490500 0.008173 0.314743 0.949142 -1.392100 0.000000 0.000000 0.000000 1.000000
0.996928 0.071382 -0.032238 -0.038100 -0.077900 0.946399 -0.313464 9.490500 0.008134 0.315012 0.949053 -1.392100 0.000000 0.000000 0.000000 1.000000
0.996933 0.071328 -0.032213 -0.038100 -0.077844 0.946289 -0.313811 9.490500 0.008100 0.315356 0.948939 -1.392100 0.000000 0.000000 0.000000 1.000000
0.996937 0.071269 -0.032206 -0.038100 -0.077790 0.946153 -0.314233 9.490500 0.008076 0.315776 0.948799 -1.392100 0.000000 0.000000 0.000000 1.000000
0.996949 0.071091 -0.032219 -0.038100 -0.077630 0.945972 -0.314817 9.490500 0.008098 0.316358 0.948605 -1.392100 0.000000 0.000000 0.000000 1.000000
0.996966 0.070842 -0.032260 -0.038100 -0.077414 0.945715 -0.315642 9.490500 0.008148 0.317182 0.948330 -1.392100 0.000000 0.000000 0.000000 1.000000
0.996972 0.070702 -0.032368 -0.038100 -0.077324 0.945399 -0.316610 9.490500 0.008216 0.318154 0.948004 -1.392100 0.000000 0.000000 0.000000 1.000000
0.996973 0.070595 -0.032573 -0.038100 -0.077297 0.945065 -0.317612 9.490500 0.008362 0.319168 0.947661 -1.392100 0.000000 0.000000 0.000000 1.000000
0.996974 0.070509 -0.032744 -0.038100 -0.077278 0.944736 -0.318593 9.490500 0.008471 0.320159 0.947326 -1.392100 0.000000 0.000000 0.000000 1.000000
0.996972 0.070433 -0.032952 -0.038100 -0.077283 0.944377 -0.319654 9.490500 0.008605 0.321233 0.946961 -1.392100 0.000000 0.000000 0.000000 1.000000
0.996967 0.070366 -0.033240 -0.038100 -0.077322 0.943977 -0.320825 9.490500 0.008803 0.322422 0.946555 -1.392100 0.000000 0.000000 0.000000 1.000000
0.996961 0.070302 -0.033557 -0.038100 -0.077376 0.943563 -0.322028 9.490500 0.009024 0.323646 0.946135 -1.392100 0.000000 0.000000 0.000000 1.000000
0.996954 0.070247 -0.033896 -0.038100 -0.077446 0.943136 -0.323260 9.490500 0.009261 0.324901 0.945703 -1.392100 0.000000 0.000000 0.000000 1.000000
0.996947 0.070196 -0.034191 -0.038100 -0.077506 0.942697 -0.324523 9.490500 0.009452 0.326182 0.945260 -1.392100 0.000000 0.000000 0.000000 1.000000
0.996943 0.070146 -0.034413 -0.038100 -0.077544 0.942258 -0.325788 9.490500 0.009574 0.327460 0.944817 -1.392100 0.000000 0.000000 0.000000 1.000000
0.996939 0.070097 -0.034619 -0.038100 -0.077578 0.941819 -0.327044 9.490500 0.009680 0.328729 0.944375 -1.392100 0.000000 0.000000 0.000000 1.000000
0.996936 0.070051 -0.034808 -0.038100 -0.077610 0.941381 -0.328296 9.490500 0.009770 0.329991 0.943933 -1.392100 0.000000 0.000000 0.000000 1.000000
0.996933 0.070006 -0.034982 -0.038100 -0.077638 0.940943 -0.329543 9.490500 0.009846 0.331249 0.943492 -1.392100 0.000000 0.000000 0.000000 1.000000
0.996931 0.069961 -0.035142 -0.038100 -0.077661 0.940503 -0.330790 9.490500 0.009909 0.332504 0.943050 -1.392100 0.000000 0.000000 0.000000 1.000000
0.996928 0.069917 -0.035289 -0.038100 -0.077682 0.940062 -0.332039 9.490500 0.009959 0.333760 0.942605 -1.392100 0.000000 0.000000 0.000000 1.000000
0.996927 0.069874 -0.035424 -0.038100 -0.077700 0.939617 -0.333290 9.490500 0.009996 0.335018 0.942159 -1.392100 0.000000 0.000000 0.000000 1.000000
0.996925 0.069831 -0.035546 -0.038100 -0.077714 0.939169 -0.334547 9.490500 0.010022 0.336281 0.941708 -1.392100 0.000000 0.000000 0.000000 1.000000
0.996924 0.069787 -0.035658 -0.038100 -0.077724 0.938717 -0.335812 9.490500 0.010038 0.337551 0.941254 -1.392100 0.000000 0.000000 0.000000 1.000000
0.996924 0.069744 -0.035759 -0.038100 -0.077731 0.938259 -0.337087 9.490500 0.010041 0.338830 0.940794 -1.392100 0.000000 0.000000 0.000000 1.000000
0.996924 0.069701 -0.035850 -0.038100 -0.077735 0.937795 -0.338375 9.490500 0.010035 0.340121 0.940328 -1.392100 0.000000 0.000000 0.000000 1.000000
0.996923 0.069658 -0.035943 -0.038100 -0.077740 0.937324 -0.339676 9.490500 0.010029 0.341425 0.939855 -1.392100 0.000000 0.000000 0.000000 1.000000
0.996924 0.069615 -0.035998 -0.038100 -0.077732 0.936846 -0.340995 9.490500 0.009987 0.342744 0.939376 -1.392100 0.000000 0.000000 0.000000 1.000000
0.996926 0.069571 -0.036036 -0.038100 -0.077719 0.936359 -0.342334 9.490500 0.009926 0.344082 0.938887 -1.392100 0.000000 0.000000 0.000000 1.000000
0.996928 0.069528 -0.036064 -0.038100 -0.077702 0.935862 -0.343694 9.490500 0.009855 0.345440 0.938389 -1.392100 0.000000 0.000000 0.000000 1.000000
0.996930 0.069484 -0.036085 -0.038100 -0.077683 0.935354 -0.345078 9.490500 0.009775 0.346822 0.937880 -1.392100 0.000000 0.000000 0.000000 1.000000
0.996933 0.069439 -0.036099 -0.038100 -0.077660 0.934834 -0.346487 9.490500 0.009687 0.348228 0.937360 -1.392100 0.000000 0.000000 0.000000 1.000000
0.996936 0.069394 -0.036105 -0.038100 -0.077633 0.934368 -0.347750 9.490500 0.009603 0.349487 0.936892 -1.392100 0.000000 0.000000 0.000000 1.000000
0.996939 0.069353 -0.036101 -0.038100 -0.077601 0.934062 -0.348577 9.490500 0.009546 0.350312 0.936585 -1.392100 0.000000 0.000000 0.000000 1.000000
0.996942 0.069312 -0.036091 -0.038100 -0.077567 0.933824 -0.349222 9.490500 0.009497 0.350954 0.936345 -1.392100 0.000000 0.000000 0.000000 1.000000
0.996945 0.069274 -0.036074 -0.038100 -0.077529 0.933648 -0.349701 9.490500 0.009456 0.351429 0.936167 -1.392100 0.000000 0.000000 0.000000 1.000000
0.996949 0.069233 -0.036053 -0.038100 -0.077487 0.933531 -0.350023 9.490500 0.009424 0.351749 0.936047 -1.392100 0.000000 0.000000 0.000000 1.000000
0.996954 0.069189 -0.035998 -0.038100 -0.077428 0.933468 -0.350202 9.490500 0.009373 0.351923 0.935982 -1.392100 0.000000 0.000000 0.000000 1.000000
0.996959 0.069146 -0.035936 -0.038100 -0.077364 0.933533 -0.350045 9.490500 0.009344 0.351761 0.936043 -1.392100 0.000000 0.000000 0.000000 1.000000
0.996965 0.069103 -0.035869 -0.038100 -0.077296 0.933714 -0.349576 9.490500 0.009334 0.351288 0.936221 -1.392100 0.000000 0.000000 0.000000 1.000000
0.996970 0.069055 -0.035796 -0.038100 -0.077220 0.933908 -0.349075 9.490500 0.009325 0.350781 0.936411 -1.392100 0.000000 0.000000 0.000000 1.000000
0.996977 0.069005 -0.035718 -0.038100 -0.077140 0.934136 -0.348482 9.490500 0.009319 0.350184 0.936635 -1.392100 0.000000 0.000000 0.000000 1.000000
0.996983 0.068952 -0.035640 -0.038100 -0.077056 0.934423 -0.347730 9.490500 0.009326 0.349428 0.936917 -1.392100 0.000000 0.000000 0.000000 1.000000
0.996990 0.068900 -0.035560 -0.038100 -0.076971 0.934723 -0.346942 9.490500 0.009334 0.348634 0.937212 -1.392100 0.000000 0.000000 0.000000 1.000000
0.996996 0.068847 -0.035478 -0.038100 -0.076885 0.935025 -0.346145 9.490500 0.009342 0.347833 0.937510 -1.392100 0.000000 0.000000 0.000000 1.000000
0.997003 0.068795 -0.035396 -0.038100 -0.076800 0.935328 -0.345345 9.490500 0.009349 0.347028 0.937808 -1.392100 0.000000 0.000000 0.000000 1.000000
0.997009 0.068743 -0.035313 -0.038100 -0.076714 0.935630 -0.344544 9.490500 0.009355 0.346223 0.938106 -1.392100 0.000000 0.000000 0.000000 1.000000
0.997016 0.068691 -0.035230 -0.038100 -0.076629 0.935932 -0.343743 9.490500 0.009360 0.345416 0.938403 -1.392100 0.000000 0.000000 0.000000 1.000000
0.997022 0.068640 -0.035145 -0.038100 -0.076544 0.936233 -0.342941 9.490500 0.009364 0.344610 0.938699 -1.392100 0.000000 0.000000 0.000000 1.000000
0.997029 0.068589 -0.035061 -0.038100 -0.076459 0.936533 -0.342139 9.490500 0.009369 0.343803 0.938995 -1.392100 0.000000 0.000000 0.000000 1.000000
0.997035 0.068536 -0.034977 -0.038100 -0.076372 0.936828 -0.341351 9.490500 0.009373 0.343011 0.939285 -1.392100 0.000000 0.000000 0.000000 1.000000
0.997042 0.068482 -0.034893 -0.038100 -0.076285 0.937124 -0.340558 9.490500 0.009377 0.342212 0.939576 -1.392100 0.000000 0.000000 0.000000 1.000000
0.997049 0.068426 -0.034809 -0.038100 -0.076195 0.937419 -0.339766 9.490500 0.009382 0.341415 0.939866 -1.392100 0.000000 0.000000 0.000000 1.000000
